ID	Base Medium	Description	Link	PMID	Defined	Glu	Gly	Lactose	Lac	Ace	Fru	Fuc	Gal	Mal	Man	Pyr	Rha	For	Suc	Succ	Xyl	Ab	PPG	Fum	Nit	Nitrite	HEPES	TMAO	NaNO2	MOPS	MBDAH	borate	tricine	HNa2(PHO4)	H3BO4	K(PHO4)	CHC	Fe(III)citrate	Fe(III)nitrate	niacin	yeast	beef heart	carf brain	soytone	mucus	Mev	MgSO4	Co(NO3)2	CaCO3	Fe(NH4)2SO4	(NH4)2-H-citrate	KCl	MES	KPO4	KH2PO4	K2HPO4	K2SO4	MgCl2	MnCl2	Na2SeO3	NiCl2	Na2EDTA	Na2MoO4	Na2SO4	(NH4)2SO4	NaHCO3	Na2HPO4	NaH2PO4	NaCl	NH4Cl	Na-citrate	citrate	H2SO4	ZAD	ZnCl2	CaCl2	EDTA	FeCl3	CuCl2	H3BO3	ZnO	CoNO3	KNO3	CoCl2	CP	biotin	Pan	PABA	BA	bGP	2,3DHB	Thi	SCT	THC	ZnSO4	FeSO4	CG	CuSO4	MnSO4	Na2B4O7	A	C	G	T	U	Ala	Asg	Arg	Asp	Cys	Glc	Glm	Gln	His	Ile	Lue	Lys	Met	Phe	Pro	Ser	Thn	Try	Tyr	Val	Description	
MD001	M9	M9+Glu(0.4%)	EcoCyc	unknown	yes	0.40%	0	0	0	0	0	0	0	0	0	0	0	0	0	0	0	0	0	0	0	0	0	0	0	0	0	0	0	12.8g/L	0	3g/L	0	0	0	0	0	0	0	0	0	0	2mM	0	0	0	0	0	0	0	0	0	0	0	0	0	0	0	0	0	0	0	0	0	0.5g/L	1g/L	0	0	0	0	0	0	0	0	0	0	0	0	0	0	0	0	0	0	0	0	0	0	0	0	0	0	0	0	0	0	0	0	0	0	0	0	0	0	0	0	0	0	0	0	0	0	0	0	0	0	0	0	0	0	0		
MD002	M9	M9+Gly(0.4%)	EcoCyc	unknown	yes	0	0.40%	0	0	0	0	0	0	0	0	0	0	0	0	0	0	0	0	0	0	0	0	0	0	0	0	0	0	12.8g/L	0	3g/L	0	0	0	0	0	0	0	0	0	0	2mM	0	0	0	0	0	0	0	0	0	0	0	0	0	0	0	0	0	0	0	0	0	0.5g/L	1g/L	0	0	0	0	0	0	0	0	0	0	0	0	0	0	0	0	0	0	0	0	0	0	0	0	0	0	0	0	0	0	0	0	0	0	0	0	0	0	0	0	0	0	0	0	0	0	0	0	0	0	0	0	0	0	0		
MD003	M9	M9+Lac(0.4%)	EcoCyc	unknown	yes	0	0	0	0.40%	0	0	0	0	0	0	0	0	0	0	0	0	0	0	0	0	0	0	0	0	0	0	0	0	12.8g/L	0	3g/L	0	0	0	0	0	0	0	0	0	0	2mM	0	0	0	0	0	0	0	0	0	0	0	0	0	0	0	0	0	0	0	0	0	0.5g/L	1g/L	0	0	0	0	0	0	0	0	0	0	0	0	0	0	0	0	0	0	0	0	0	0	0	0	0	0	0	0	0	0	0	0	0	0	0	0	0	0	0	0	0	0	0	0	0	0	0	0	0	0	0	0	0	0	0		
MD004	MOPS	MOPS+Glu(0.4%)	EcoCyc	4604283	yes	0.40%	0	0	0	0	0	0	0	0	0	0	0	0	0	0	0	0	0	0	0	0	0	0	0	40mM	3nM	400nM	4mM	0	0	0	0	0	0	0	0	0	0	0	0	0	0	0	0	0	0	0	0	0	0	1.31mM	276uM	528uM	80nM	0	0	0	0	0	0	0	0	0	50mM	9.5mM	0	0	0	0	0	0.5uM	0	0	0	0	0	0	0	30nM	0	0	0	0	0	0	0	0	0	0	10nM	10uM	0	10nM	0	0	0	0	0	0	0	0	0	0	0	0	0	0	0	0	0	0	0	0	0	0	0	0	0	0	0		
MD005	Gutnick minimal complete	Gutnick+Glu(0.4%)	EcoCyc	unknown	yes	0.40%	0	0	0	0	0	0	0	0	0	0	0	0	0	0	0	0	0	0	0	0	0	0	0	0	0	0	0	0	0	0	0	0	0	0	0	0	0	0	0	0	33mg/L	0	0	0	0	0	0	0	334mg/L	4.5g/L	0	0	0	0	0	0	0	0	0	0	0	0	0	0	0	0	0	0	0	0	0	0	0	0	0	0	0	0	0	0	0	0	0	0	0	0	0	0	0	0	0	0	0	0	0	0	0	0	0	0	0	0	0	0	0	0	0	0	0	0	0	0	0	0	0	0	0	0	0		
MD006	Gutnick minimal complete	Gutnick+Gly(0.4%)	EcoCyc	unknown	yes	0	0.40%	0	0	0	0	0	0	0	0	0	0	0	0	0	0	0	0	0	0	0	0	0	0	0	0	0	0	0	0	0	0	0	0	0	0	0	0	0	0	0	33mg/L	0	0	0	0	0	0	0	334mg/L	4.5g/L	0	0	0	0	0	0	0	0	0	0	0	0	0	0	0	0	0	0	0	0	0	0	0	0	0	0	0	0	0	0	0	0	0	0	0	0	0	0	0	0	0	0	0	0	0	0	0	0	0	0	0	0	0	0	0	0	0	0	0	0	0	0	0	0	0	0	0	0	0		
MD007	Gutnick minimal complete	Gutnick+Ace(0.4%)	EcoCyc	unknown	yes	0	0	0	0	0.40%	0	0	0	0	0	0	0	0	0	0	0	0	0	0	0	0	0	0	0	0	0	0	0	0	0	0	0	0	0	0	0	0	0	0	0	0	33mg/L	0	0	0	0	0	0	0	334mg/L	4.5g/L	0	0	0	0	0	0	0	0	0	0	0	0	0	0	0	0	0	0	0	0	0	0	0	0	0	0	0	0	0	0	0	0	0	0	0	0	0	0	0	0	0	0	0	0	0	0	0	0	0	0	0	0	0	0	0	0	0	0	0	0	0	0	0	0	0	0	0	0	0		
MD008	M63	M63+Fru(0.3%)	EcoCyc	unknown	yes	0	0	0	0	0	0.30%	0	0	0	0	0	0	0	0	0	0	0	0	0	0	0	0	0	0	0	0	0	0	0	0	0	0	0	0	0	0	0	0	0	0	0	1mM	0	0	0	0	0	0	0	100mM	0	0	0	0	0	0	0	0	0	15mM	0	0	0	0	0	0	0	0	0	0	0	0	0	0	0	0	0	0	0	0	0	0	0	0	0	0	0	0	0	0	1.8uM	0	0	0	0	0	0	0	0	0	0	0	0	0	0	0	0	0	0	0	0	0	0	0	0	0	0	0	0	0		
MD009	M63	M63+Fru(0.3%)+Gal(0.3%)	EcoCyc	unknown	yes	0	0	0	0	0	0.30%	0	0.30%	0	0	0	0	0	0	0	0	0	0	0	0	0	0	0	0	0	0	0	0	0	0	0	0	0	0	0	0	0	0	0	0	0	1mM	0	0	0	0	0	0	0	100mM	0	0	0	0	0	0	0	0	0	15mM	0	0	0	0	0	0	0	0	0	0	0	0	0	0	0	0	0	0	0	0	0	0	0	0	0	0	0	0	0	0	1.8uM	0	0	0	0	0	0	0	0	0	0	0	0	0	0	0	0	0	0	0	0	0	0	0	0	0	0	0	0	0		
MD010	MOPS	modified MOPS+Glu(0.2%)	EcoCyc	unknown	yes	0.20%	0	0	0	0	0	0	0	0	0	0	0	0	0	0	0	0	0	0	0	0	0	0	0	0	0	0	0	0	0	0	0	0	0	0	0	0	0	0	0	0	0	0	0	0	0	0	0	0	0	5mM	0	0	0	0	0	0	0	0	0	0	0	0	86mM	9.5mM	0	0	0	0	0	0	0	0	0	0	0	0	0	0	0	0	0	0	0	0	0	0	0	0	0	0	0	0	0	0	0	0	0	0	0	0	0	0	0	0	0	0	0	0	0	0	0	0	0	0	0	0	0	0	0		
MD012	Gutnick minimal complete	modified Gutnick+Glu(0.4%)	EcoCyc	unknown	yes	0.40%	0	0	0	0	0	0	0	0	0	0	0	0	0	0	0	0	0	0	0	0	0	0	0	0	0	0	0	0	0	0	0	0	0	0	0	0	0	0	33mg/L	0	0	0	0	0	0	0	334mg/L	4.5g/L	0	0	0	0	0	0	0	0	0	0	0	0	0	10mM	0	0	0	0	0	0	0	0	0	0	0	0	0	0	0	0	0	0	0	0	0	0	0	0	0	0	0	0	0	0	0	0	0	0	0	0	0	0	0	0	0	0	0	0	0	0	0	0	0	0	0	0	0	0	0	0	0		
MD016	mineral salt medium	mineral salt medium+Glu(0.4%)	na	18940002	yes	0.40%	0	0	0	0	0	0	0	0	0	0	0	0	0	0	0	0	0	0	0	0	0	0	0	0	0	0	0	0	0	0	0	0	0	0	0	0	0	0	0	0	2mM	0	0	0	1g/L	0	0	0	0	14.6g/L	0	0	0	0	0	0	0	2g/L	2.47g/L	0	0	3.6g/L	0	0.5g/L	0	0	0	0	0	0	134uM	6.15uM	570nM	1.6uM	6.15uM	340nM	0	0	0	0	0	0	0	0	0	0	0	0.1g/L	0	0	0	0	0	0	0	0	0	0	0	0	0	0	0	0	0	0	0	0	0	0	0	0	0	0	0	0	0	0	0		
MD017	Davis	Davis+Glu	EcoCyc	unknown	yes	0.01%	0	0	0	0	0	0	0	0	0	0	0	0	0	0	0	0	0	0	0	0	0	0	0	0	0	0	0	0	0	0	0	0	0	0	0	0	0	0	0	0	0.1g/L	0	0	0	0	0	0	0	3g/L	7g/L	0	0	0	0	0	0	0	0	1g/L	0	0	0	0	0	0	0	0	0	0	0	0	0	0	0	0	0	0	0	0	0	0	0	0	0	0	0	0.5g/L	0	0	0	0	0	0	0	0	0	0	0	0	0	0	0.02mg/L	0	0	0	0	0	0	0	0	0	0	0	0	0	0	0.02mg/L	0	0		
MD018	LB	LB	na	unknown	no	0	0	0	0	0	0	0	0	0	0	0	0	0	0	0	0	0	0	0	0	0	0	0	0	0	0	0	0	0	0	0	0	0	0	0	5g/L	0	0	0	0	0	0	0	0	0	0	0	0	0	0	0	0	0	0	0	0	0	0	0	0	0	0	0	0	0	0	0	0	0	0	0	0	0	0	0	0	0	0	0	0	0	0	0	0	0	0	0	0	0	0	0	0	0	0	0	0	0	0	0	0	0.5g/L	0.5g/L	0.5g/L	0.5g/L	0.5g/L	0.5g/L	0.5g/L	0.5g/L	0.5g/L	0.5g/L	0.5g/L	0.5g/L	0.5g/L	0.5g/L	0.5g/L	0.5g/L	0.5g/L	0.5g/L	0.5g/L	0.5g/L	tryptone (10g/L) is expanded into 20 AA.	
MD020	minimal	minimial medium+Glu(0.88%)	na	unknown	yes	8.8g/L	0	0	0	0	0	0	0	0	0	0	0	0	0	0	0	0	0	0	0	0	0	0	0	0	0	0	0	0	0	0	0	0	0	0	0	0	0	0	0	0	2mM	0	0	0	0	0	0	0	0	14.6/gL	0	0	0	0	0	0	0	2g/L	2.68g/L	0	0	4.02g/L	0	1g/L	0	0	0	0	0	0.3mM	134uM	6.15uM	570nM	1.6uM	6.15uM	340nM	0	0	0	0	0	0	0	0	0	0	0	0.01g/L	0	0	0	0	0	0	0	0	0	0	0	0	0	0	0	0	0	0	0	0	0	0	0	0	0	0	0	0	0	0	0		
MD021	minimal	minimial medium+Ace(0.035%)	na	unknown	yes	0	0	0	0	0.35g/L	0	0	0	0	0	0	0	0	0	0	0	0	0	0	0	0	0	0	0	0	0	0	0	0	0	0	0	0	0	0	0	0	0	0	0	0	2mM	0	0	0	0	0	0	0	0	14.6/gL	0	0	0	0	0	0	0	2g/L	2.68g/L	0	0	4.02g/L	0	1g/L	0	0	0	0	0	0.3mM	134uM	6.15uM	570nM	1.6uM	6.15uM	340nM	0	0	0	0	0	0	0	0	0	0	0	0.01g/L	0	0	0	0	0	0	0	0	0	0	0	0	0	0	0	0	0	0	0	0	0	0	0	0	0	0	0	0	0	0	0		
MD022	MOPS	MOPS+Glu(0.2%)+CA	EcoCyc	unknown	yes	0.20%	0	0	0	0	0	0	0	0	0	0	0	0	0	0	0	0	0	0	0	0	0	0	0	0	0	0	0	0	0	0	0	0	0	0	0	0	0	0	0	0	0	0	0	0	0	0	0	0	0	5mM	0	0	0	0	0	0	0	0	0	0	0	0	86mM	9.5mM	0	0	0	0	0	0	0	0	0	0	0	0	0	0	0	0	0	0	0	0	0	0	0	0	0	0	0	0	0	0	0	0	0	0	0	?	?	?	?	?	?	?	?	?	?	?	?	?	?	?	?	?	?	?	?	CA (0.5%) is expanded into 20 AA.	
MD023	dYT	dYT	na	unknown	no	0	0	0	0	0	0	0	0	0	0	0	0	0	0	0	0	0	0	0	0	0	0	0	0	0	0	0	0	0	0	0	0	0	0	0	1.00%	0	0	0	0	0	0	0	0	0	0	0	0	0	0	0	0	0	0	0	0	0	0	0	0	0	0	0	0.50%	0	0	0	0	0	0	0	0	0	0	0	0	0	0	0	0	0	0	0	0	0	0	0	0	0	0	0	0	0	0	0	0	0	0	0	0	?	?	?	?	?	?	?	?	?	?	?	?	?	?	?	?	?	?	?	?	tryptone (1.6%) is expanded into 20 AA.	
MD024	M63	M63+Glu(0.2%)	EcoCyc	unknown	yes	0.20%	0	0	0	0	0	0	0	0	0	0	0	0	0	0	0	0	0	0	0	0	0	0	0	0	0	0	0	0	0	0	0	0	0	0	0	0	0	0	0	0	1mM	0	0	0	0	0	0	0	100mM	0	0	0	0	0	0	0	0	0	15mM	0	0	0	0	0	0	0	0	0	0	0	0	0	0	0	0	0	0	0	0	0	0	0	0	0	0	0	0	0	0	1.8uM	0	0	0	0	0	0	0	0	0	0	0	0	0	0	0	0	0	0	0	0	0	0	0	0	0	0	0	0	0		
MD025	M9	M9+MOPS+Glu	na	unknown	yes	0.40%	0	0	0	0	0	0	0	0	0	0	0	0	0	0	0	0	0	0	0	0	0	0	0	40mM	3nM	400nM	4mM	12.8g/L	0	3g/L	0	0	0	0	0	0	0	0	0	0	2mM	0	0	0	0	0	0	0	0	1.31mM	276uM	528uM	80nM	0	0	0	0	0	0	0	0	0	0.5g/L	1g/L	0	0	0	0	0	0.5uM	0	0	0	0	0	0	0	30nM	0	0	0	0	0	0	0	0	0	0	10nM	10uM	0	10nM	0	0	0	0	0	0	0	0	0	0	0	0	0	0	0	0	0	0	0	0	0	0	0	0	0	0	0		
MD026	LB	LB+Glu(0.4%)	na	unknown	no	0.40%	0	0	0	0	0	0	0	0	0	0	0	0	0	0	0	0	0	0	0	0	0	0	0	0	0	0	0	0	0	0	0	0	0	0	5g/L	0	0	0	0	0	0	0	0	0	0	0	0	0	0	0	0	0	0	0	0	0	0	0	0	0	0	0	0	0	0	0	0	0	0	0	0	0	0	0	0	0	0	0	0	0	0	0	0	0	0	0	0	0	0	0	0	0	0	0	0	0	0	0	0	0.5g/L	0.5g/L	0.5g/L	0.5g/L	0.5g/L	0.5g/L	0.5g/L	0.5g/L	0.5g/L	0.5g/L	0.5g/L	0.5g/L	0.5g/L	0.5g/L	0.5g/L	0.5g/L	0.5g/L	0.5g/L	0.5g/L	0.5g/L	tryptone (10g/L) is expanded into 20 AA.	
MD027	LB	LB+Gly(0.4%)	na	unknown	no	0	0.40%	0	0	0	0	0	0	0	0	0	0	0	0	0	0	0	0	0	0	0	0	0	0	0	0	0	0	0	0	0	0	0	0	0	5g/L	0	0	0	0	0	0	0	0	0	0	0	0	0	0	0	0	0	0	0	0	0	0	0	0	0	0	0	0	0	0	0	0	0	0	0	0	0	0	0	0	0	0	0	0	0	0	0	0	0	0	0	0	0	0	0	0	0	0	0	0	0	0	0	0	0.5g/L	0.5g/L	0.5g/L	0.5g/L	0.5g/L	0.5g/L	0.5g/L	0.5g/L	0.5g/L	0.5g/L	0.5g/L	0.5g/L	0.5g/L	0.5g/L	0.5g/L	0.5g/L	0.5g/L	0.5g/L	0.5g/L	0.5g/L	tryptone (10g/L) is expanded into 20 AA.	
MD028	LB	LB+KCl	na	unknown	no	0	0	0	0	0	0	0	0	0	0	0	0	0	0	0	0	0	0	0	0	0	0	0	0	0	0	0	0	0	0	0	0	0	0	0	5g/L	0	0	0	0	0	0	0	0	0	0	7.45g/L	0	0	0	0	0	0	0	0	0	0	0	0	0	0	0	0	0	0	0	0	0	0	0	0	0	0	0	0	0	0	0	0	0	0	0	0	0	0	0	0	0	0	0	0	0	0	0	0	0	0	0	0	0	0.5g/L	0.5g/L	0.5g/L	0.5g/L	0.5g/L	0.5g/L	0.5g/L	0.5g/L	0.5g/L	0.5g/L	0.5g/L	0.5g/L	0.5g/L	0.5g/L	0.5g/L	0.5g/L	0.5g/L	0.5g/L	0.5g/L	0.5g/L	tryptone (10g/L) is expanded into 20 AA.	
MD029	minimal	minimal medium+Glu(0.5%)	na	17074904	yes	0.50%	0	0	0	0	0	0	0	0	0	0	0	0	0	0	0	0	0	0	0	0	0	0	0	0	0	0	0	0	0	0	0	1uM	0	0	0	0	0	0	0	0	0.1g/L	0	0	0	0	3g/L	0	0	0	7g/L	0	0	0	0	0	0	0	0	1g/L	0	0	0	0	0	0.5g/L	0	0	0	0	0	0	0	0	0	0	0	0	0	0	0	0	0	0	0	0	0	0	0	0	0	0	0	1uM	0	0	0	0	0	0	0	0	0	0	0	0	0	0	0	0	0	0	100ug/mL	0	0	0	0	0	0	0		
MD030	minimal	minimal medium+Glu(0.5%)+Arg	na	17074904	yes	0.50%	0	0	0	0	0	0	0	0	0	0	0	0	0	0	0	0	0	0	0	0	0	0	0	0	0	0	0	0	0	0	0	1uM	0	0	0	0	0	0	0	0	0.1g/L	0	0	0	0	3g/L	0	0	0	7g/L	0	0	0	0	0	0	0	0	1g/L	0	0	0	0	0	0.5g/L	0	0	0	0	0	0	0	0	0	0	0	0	0	0	0	0	0	0	0	0	0	0	0	0	0	0	0	1uM	0	0	0	0	0	0	0	0	100ug/mL	0	0	0	0	0	0	0	0	0	100ug/mL	0	0	0	0	0	0	0		
MD031	M9	M9+Glu(0.4%)+Adenine	EcoCyc	unknown	yes	0.40%	0	0	0	0	0	0	0	0	0	0	0	0	0	0	0	0	0	0	0	0	0	0	0	0	0	0	0	12.8g/L	0	3g/L	0	0	0	0	0	0	0	0	0	0	2mM	0	0	0	0	0	0	0	0	0	0	0	0	0	0	0	0	0	0	0	0	0	0.5g/L	1g/L	0	0	0	0	0	0	0	0	0	0	0	0	0	0	0	0	0	0	0	0	0	0	0	0	0	0	0	0	0	0	100ug/mL	0	0	0	0	0	0	0	0	0	0	0	0	0	0	0	0	0	0	0	0	0	0	0	0		
MD033	M9	M9+Glu(0.4%)+MnCl2	EcoCyc	unknown	yes	0.40%	0	0	0	0	0	0	0	0	0	0	0	0	0	0	0	0	0	0	0	0	0	0	0	0	0	0	0	12.8g/L	0	3g/L	0	0	0	0	0	0	0	0	0	0	2mM	0	0	0	0	0	0	0	0	0	0	0	10uM	0	0	0	0	0	0	0	0	0	0.5g/L	1g/L	0	0	0	0	0	0	0	0	0	0	0	0	0	0	0	0	0	0	0	0	0	0	0	0	0	0	0	0	0	0	0	0	0	0	0	0	0	0	0	0	0	0	0	0	0	0	0	0	0	0	0	0	0	0	0		
MD035	MOPS	MOPS+Glu(0.4%)+20AA	EcoCyc	4604283	yes	0.40%	0	0	0	0	0	0	0	0	0	0	0	0	0	0	0	0	0	0	0	0	0	0	0	40mM	3nM	400nM	4mM	0	0	0	0	0	0	0	0	0	0	0	0	0	0	0	0	0	0	0	0	0	0	1.31mM	276uM	528uM	80nM	0	0	0	0	0	0	0	0	0	50mM	9.5mM	0	0	0	0	0	0.5uM	0	0	0	0	0	0	0	30nM	0	0	0	0	0	0	0	0	0	0	10nM	10uM	0	10nM	0	0	0	0	0	0	0	400uM	400uM	400uM	400uM	400uM	400uM	400uM	400uM	400uM	400uM	400uM	400uM	400uM	400uM	400uM	400uM	400uM	400uM	400uM	400uM		
MD036	minimal	minimal medium+Gly(10mM)	na	10651644	yes	0	10mM	0	0	0	0	0	0	0	0	0	0	0	0	0	0	0	0	0	0	0	0	0	0	0	1.2ug/L	0	0	0	1.2ug/L	0	0	0	0	0	0	0	0	0	0	0	124mg/L	0	0	0	0	0	0	0	5.5g/L	10.8g/L	0	31ug/L	0	0	0	0	0	0	1g/L	0	0	0	10g/L	0	0	0	0	0	0	74ug/L	0	0	0	0	0	0	0	0	0	1mg/L	0	0	0	0	0	2mg/L	0	0	0	0	0	1.6ug/L	0	0	0	0	0	0	0	0.25g/L	0.25g/L	0.25g/L	0.25g/L	0.25g/L	0.25g/L	0.25g/L	0.25g/L	0.25g/L	0.25g/L	0.25g/L	0.25g/L	0.25g/L	0.25g/L	0.25g/L	0.25g/L	0.25g/L	0.25g/L	0.25g/L	0.25g/L	CA (5g/L) is expanded into 20 AA.	
MD037	GGM	GGM+Gly(5mM)	na	unknown	yes	0	5mM	0	0	0	0	0	0	0	0	0	0	0	0	0	0	0	0	0	0	0	0	0	0	0	80.9nM	0	0	0	0	0	0	0	0	0	0	0	0	0	0	0	0	0	0	0	0	13.4mM	40mM	0	0	0	4.99mM	1mM	0	0	0	0	0	0	0	0	0	0	0	18.7mM	0	0	0	0	0	68uM	134uM	18.5uM	587nM	1.62uM	6.14uM	344nM	0	0	0	0	0	0	0	7.64mM	0	0	0	0	0	0	0	0	0	0	0	0	0	0	0	0	0	0	0	0	0	0	0	0	0	0	0	0	0	0	0	0	0	0	0		
MD038	defined	defined medium+Gly(54mM)	na	unknown	yes	0	54mM	0	0	0	0	0	0	0	0	0	0	0	0	0	0	0	0	0	0	0	0	0	0	0	0	0	0	0	0	0	0	0	0	0	0	0	0	0	0	0	0	0	0	0	0	0	0	0	7.3mM	23mM	15mM	1mM	0	0	0	0	0	0	0	0	0	0	0	18.7mM	0	0	0	0	0	69uM	134uM	6.15uM	570nM	1.6uM	6.15uM	340nM	0	0	0	0	0	0	0	0	0	0	0	0	0	0	0	0	0	0	0	0	0	0	0	0	0	0	0	0	0	0	0	0	0	0	0	0	0	0	0	0	0	0	0		
MD039	M9C	M9C+Glu(0.4%)+FeSO4	na	unknown	yes	0.40%	0	0	0	0	0	0	0	0	0	0	0	0	0	0	0	0	0	0	0	0	0	0	0	0	0	0	0	12.8g/L	0	3g/L	0	0	0	0	0	0	0	0	0	0	2mM	0	0	0	0	0	0	0	0	0	0	0	0	0	0	0	0	0	0	0	0	0	0.5g/L	1g/L	0	0	0	0	0	0	0	0	0	0	0	0	0	0	0	0	0	0	0	0	0	0	0	0	0	2uM	0	0	0	0	0	0	0	0	0	0	0	0	0	0	0	0	0	0	0	0	0	0	0	0	0	0	0	0	0		
MD040	M9	M9+Glu+Gal+Gly+Lac+Mal	EcoCyc	unknown	yes	0.40%	0.40%	0	0.40%	0	0	0	0.40%	0.40%	0	0	0	0	0	0	0	0	0	0	0	0	0	0	0	0	0	0	0	12.8g/L	0	3g/L	0	0	0	0	0	0	0	0	0	0	2mM	0	0	0	0	0	0	0	0	0	0	0	0	0	0	0	0	0	0	0	0	0	0.5g/L	1g/L	0	0	0	0	0	0	0	0	0	0	0	0	0	0	0	0	0	0	0	0	0	0	0	0	0	0	0	0	0	0	0	0	0	0	0	0	0	0	0	0	0	0	0	0	0	0	0	0	0	0	0	0	0	0	0		
MD041	M9	M9+Glu(1%)+18AA	EcoCyc	unknown	yes	1.00%	0	0	0	0	0	0	0	0	0	0	0	0	0	0	0	0	0	0	0	0	0	0	0	0	0	0	0	12.8g/L	0	3g/L	0	0	0	0	0	0	0	0	0	0	2mM	0	0	0	0	0	0	0	0	0	0	0	0	0	0	0	0	0	0	0	0	0	0.5g/L	1g/L	0	0	0	0	0	0	0	0	0	0	0	0	0	0	0	0	0	0	0	0	0	0	0	0	0	0	0	0	0	0	0	0	0	0	0	100ug/mL	100ug/mL	100ug/mL	100ug/mL	0	100ug/mL	100ug/mL	100ug/mL	100ug/mL	100ug/mL	100ug/mL	100ug/mL	100ug/mL	100ug/mL	100ug/mL	100ug/mL	100ug/mL	100ug/mL	0	100ug/mL		
MD042	EZ	EZ+Glu	na	unknown	yes	0.20%	0	0	0	0	0	0	0	0	0	0	0	0	0	0	0	0	0	0	0	0	0	0	0	40mM	3nM	400nM	4mM	0	0	0	0	0	0	0	0	0	0	0	0	0	0	0	0	0	0	0	0	0	132mM	1.31mM	276uM	528uM	80nM	0	0	0	0	0	0	0	0	0	50mM	9.5mM	0	0	0	0	0	0.5uM	0	0	0	0	0	0	0	30nM	0	0	0	0	0	0	0	0	0	0	10nM	10uM	0	10nM	0	0	?	?	?	?	?	0	0	0	0	0	0	0	0	0	0	0	0	0	0	0	0	0	0	0	0		
MD043	K	K(A)+Glu(1.2%)	na	unknown	yes	1.20%	0	0	0	0	0	0	0	0	0	0	0	0	0	0	0	0	0	0	0	0	0	0	0	0	0	0	0	0	0	0	0	0	0	0	0	0	0	0	0	0	1mM	0	0	0	0	0	0	0	0	0	0	0	0	0	0	0	0	0	0	0	0	?	?	?	0	0	0	0	0	0.1mM	0	0	0	0	0	0	0	0	0	0	0	0	0	0	0	0	0	0	0	0	0	0	0	0	0	0	0	0	0	?	?	?	?	?	?	?	?	?	?	?	?	?	?	?	?	?	?	?	?	CA (1.25%) is expanded into 20 AA.	
MD045	modified complex	modified complex medium+For(20mM)	na	unknown	no	0	0	0	0	0	0	0	0	0	0	0	0	20mM	0	0	0	0	0	0	0	0	0	0	0	0	0	0	0	0	0	0	0.5g/L	0	0	2mg/L	5g/L	0	0	0	0	0	0.25g/L	0.029g/L	0	0.039g/L	0	0	0	0	5.5g/L	7g/L	0	0	0	0.172mg/L	0.02mg/L	0	0	0	1g/L	0	0	0	0	0	0	0	0	0	0	0.021g/L	134uM	6.15uM	570nM	1.6uM	6.15uM	340nM	0	0	0	0	0	0	0	0	0	0	0	0	0	0	0	0	0	0	0	0	0	0	0	0.25g/L	0.25g/L	0.25g/L	0.25g/L	0.25g/L	0.25g/L	0.25g/L	0.25g/L	0.25g/L	0.25g/L	0.25g/L	0.25g/L	0.25g/L	0.25g/L	0.25g/L	0.25g/L	0.25g/L	0.25g/L	0.25g/L	0.25g/L	tryptone (5g/L) is expanded into 20 AA.	
MD046	minimal salt	minimal salt medium+Glu(20mM)	na	unknown	yes	20mM	0	0	0	0	0	0	0	0	0	0	0	0	0	0	0	0	0	0	0	0	0	0	0	0	0	0	0	0	0	0	0	0	0	0	0	0	0	0	0	0	0	0	0	0	0	0	0	0	0.30%	0	0	0	0	0	0	0	0	0	0	0	0	1.30%	0.05%	0.10%	0	0	0	0	0	100uM	0	0	0	0	0	0	0	0	0	0	0	0	0	0	0	0	0	0	0	0	0	0	0	0	0	0	0	0	0	?	?	?	?	?	?	?	?	?	?	?	?	?	?	?	?	?	?	?	?	CA (0.25%) is expanded into 20 AA.	
MD047	BHI	BHI+Glu(0.2%)	na	unknown	yes	0.20%	0	0	0	0	0	0	0	0	0	0	0	0	0	0	0	0	0	0	0	0	0	0	0	0	0	0	0	0	0	0	0	0	0	0	0	5g/L	12.5g/L	0	0	0	0	0	0	0	0	0	0	0	0	0	0	0	0	0	0	0	0	0	0	0	0	2.5g/L	5g/L	0	0	0	0	0	0	0	0	0	0	0	0	0	0	0	0	0	0	0	0	0	0	0	0	0	0	0	0	0	0	0	0	0	0	0	0	0	0	0	0	0	0	0	0	0	0	0	0	0	0	0	0	0	0	0	0		
MD048	BHI	BHI+Glu(0.2%)+Suc+MgSO4	na	unknown	yes	0.20%	0	0	0	0	0	0	0	0	0	0	0	0	0.10%	0	0	0	0	0	0	0	0	0	0	0	0	0	0	0	0	0	0	0	0	0	0	5g/L	12.5g/L	0	0	0	0.13%	0	0	0	0	0	0	0	0	0	0	0	0	0	0	0	0	0	0	0	0	2.5g/L	5g/L	0	0	0	0	0	0	0	0	0	0	0	0	0	0	0	0	0	0	0	0	0	0	0	0	0	0	0	0	0	0	0	0	0	0	0	0	0	0	0	0	0	0	0	0	0	0	0	0	0	0	0	0	0	0	0	0		
MD049	defined mineral	defined mineral medium+Glu(0.1%)	na	unknown	yes	0.10%	0	0	0	0	0	0	0	0	0	0	0	0	0	0	0	0	0	0	0	0	0	0	0	0	0	0	0	0	0	0	0	0	0	0	0	0	0	0	0	0	0	0	80mg/L	0	0	0	0	0	3g/L	0	0	130mg/L	11mg/L	0	0	706.55mg/L	0	0	1.77g/L	0	0	10.21g/L	0	0	0	0	0	0	0	0	0	77mg/L	0	1.2mg/L	0	0	0	1.3mg/L	0	0	0	0	0	0	0	0	0	0	0	0	0	1.5mg/L	0	0	0	0	0	0	0	0	0	0	0	0	0	0	0	0	0	0	0	0	0	0	0	0	0	0	0		
MD050	M9	M9+PPG(0.2%)	na	unknown	yes	0	0	0	0	0	0	0	0	0	0	0	0	0	0	0	0	0	2g/L	0	0	0	0	0	0	0	0	0	0	12.8g/L	0	3g/L	0	0	0	0	0	0	0	0	0	0	2mM	0	0	0	0	0	0	0	0	0	0	0	0	0	0	0	0	0	0	0	0	0	0.5g/L	1g/L	0	0	0	0	0	0	0	0	0	0	0	0	0	0	0	0	0	0	0	0	0	0	0	0	0	0	0	0	0	0	0	0	0	0	0	0	0	0	0	0	0	0	0	0	0	0	0	0	0	0	0	0	0	0	0		
MD051	MOPS	MOPS+Man(0.2%)	na	unknown	yes	0	0	0	0	0	0	0	0	0	0.20%	0	0	0	0	0	0	0	0	0	0	0	0	0	0	40mM	3nM	400nM	4mM	0	0	0	0	0	0	0	0	0	0	0	0	0	0	0	0	0	0	0	0	0	0	1.31mM	276uM	528uM	80nM	0	0	0	0	0	0	0	0	0	50mM	9.5mM	0	0	0	0	0	0.5uM	0	0	0	0	0	0	0	30nM	0	0	0	0	0	0	0	0	0	0	10nM	10uM	0	10nM	0	0	0	0	0	0	0	0	0	0	0	0	0	0	0	0	0	0	0	0	0	0	0	0	0	0	0		
MD052	MOPS	MOPS+Glu(0.2%)+Fum	na	unknown	yes	0.20%	0	0	0	0	0	0	0	0	0	0	0	0	0	0	0	0	0	10mM	0	0	0	0	0	40mM	3nM	400nM	4mM	0	0	0	0	0	0	0	0	0	0	0	0	0	0	0	0	0	0	0	0	0	0	1.31mM	276uM	528uM	80nM	0	0	0	0	0	0	0	0	0	50mM	9.5mM	0	0	0	0	0	0.5uM	0	0	0	0	0	0	0	30nM	0	0	0	0	0	0	0	0	0	0	10nM	10uM	0	10nM	0	0	0	0	0	0	0	0	0	0	0	0	0	0	0	0	0	0	0	0	0	0	0	0	0	0	0		
MD053	MOPS	MOPS+Glu(0.2%)+Nit	na	unknown	yes	0.20%	0	0	0	0	0	0	0	0	0	0	0	0	0	0	0	0	0	0	10mM	0	0	0	0	40mM	3nM	400nM	4mM	0	0	0	0	0	0	0	0	0	0	0	0	0	0	0	0	0	0	0	0	0	0	1.31mM	276uM	528uM	80nM	0	0	0	0	0	0	0	0	0	50mM	9.5mM	0	0	0	0	0	0.5uM	0	0	0	0	0	0	0	30nM	0	0	0	0	0	0	0	0	0	0	10nM	10uM	0	10nM	0	0	0	0	0	0	0	0	0	0	0	0	0	0	0	0	0	0	0	0	0	0	0	0	0	0	0		
MD055	DMA	DMA+Glu(0.4%)+copper(0.75mM)	na	unknown	yes	0.40%	0	0	0	0	0	0	0	0	0	0	0	0	0	0	0	0	0	0	0	0	0	0	0	0	0	0	0	0	0	0	0	0	0	0	0	0	0	0	0	0	200mg/L	0	0	0	0	0	0	0	11.3g/L	0	0	0	0	0	0	0	0.1mg/L	0	0	0	0	5.4g/L	0	2g/L	0	0	0	0	0	10mg/L	0.26g/L	0	0	0	0	0	0	0.1mg/L	0	0	0	0	0	0	0	0	0	0	0.5mg/L	5mg/L	0.75mM	0	0.5mg/L	0.1mg/L	0	0	0	0	0	0	0	0	0	0	0	0	0	0	0	0	0	0	0	0	0	0	0	0	0		
MD057	LB	LB+Nitrite	na	unknown	no	0	0	0	0	0	0	0	0	0	0	0	0	0	0	0	0	0	0	0	0	20mM	0	0	0	0	0	0	0	0	0	0	0	0	0	0	5g/L	0	0	0	0	0	0	0	0	0	0	0	0	0	0	0	0	0	0	0	0	0	0	0	0	0	0	0	0	0	0	0	0	0	0	0	0	0	0	0	0	0	0	0	0	0	0	0	0	0	0	0	0	0	0	0	0	0	0	0	0	0	0	0	0	?	?	?	?	?	?	?	?	?	?	?	?	?	?	?	?	?	?	?	?		
MD058	LB	LB+Nit	na	unknown	no	0	0	0	0	0	0	0	0	0	0	0	0	0	0	0	0	0	0	0	20mM	0	0	0	0	0	0	0	0	0	0	0	0	0	0	0	5g/L	0	0	0	0	0	0	0	0	0	0	0	0	0	0	0	0	0	0	0	0	0	0	0	0	0	0	0	0	0	0	0	0	0	0	0	0	0	0	0	0	0	0	0	0	0	0	0	0	0	0	0	0	0	0	0	0	0	0	0	0	0	0	0	0	?	?	?	?	?	?	?	?	?	?	?	?	?	?	?	?	?	?	?	?		
MD059	mineral medium	mineral medium+Glu(0.4%)	na	unknown	yes	0.40%	0	0	0	0	0	0	0	0	0	0	0	0	0	0	0	0	0	0	0	0	0	0	0	0	0	0	0	0	0	0	0	0	0	0	0	0	0	0	0	0	0	0	16mg/L	0	0	0	0	0	1g/L	0	0	26.8mg/L	0	0	0	158.4mg/L	0	0	1.77g/L	0	0	12.8g/L	0	1.15g/L	0	0	0.1mg/L	0	0	0	0	15.5mg/L	0	0.25mg/L	0.8mg/L	0	0	0.3mg/L	0	0	0	0	0	0	0	0	0	0	0	0	0	0.3mg/L	0	0	0	0	0	0	0	0	0	0	0	0	0	0	0	0	0	0	0	0	0	0	0	0	0	0	0		
MD061	MOPS	modified MOPS+Gly(1%)	na	unknown	yes	0	10g/L	0	0	0	0	0	0	0	0	0	0	0	0	0	0	0	0	0	0	0	0	0	0	50mM	3nM	400nM	4mM	0	0	0	0	0	0	0	0	0	0	0	0	0	0	0	0	0	0	0	0	0	0	0	276uM	528uM	80nM	5mM	0	0	0	0	0	0	0	1.32mM	50mM	9.5mM	0	0	0	0	0	0.5uM	0	0	0	0	0	0	0	30nM	0	0	0	0	0	0	0	0	0	0	10nM	10uM	0	10nM	0	0	0	0	0	0	0	0	0	0	0	0	0	0	0	0	0	0	0	0	0	0	0	0	0	0	0		
MD062	MOPS	MOPS+Glu(0.4%)+NH4Cl	na	unknown	yes	0.40%	0	0	0	0	0	0	0	0	0	0	0	0	0	0	0	0	0	0	0	0	0	0	0	40mM	3nM	400nM	4mM	0	0	0	0	0	0	0	0	0	0	0	0	0	0	0	0	0	0	0	0	0	0	1.31mM	276uM	528uM	80nM	0	0	0	0	0	0	0	0	0	50mM	4g/L	0	0	0	0	0	0.5uM	0	0	0	0	0	0	0	30nM	0	0	0	0	0	0	0	0	0	0	10nM	10uM	0	10nM	0	0	0	0	0	0	0	0	0	0	0	0	0	0	0	0	0	0	0	0	0	0	0	0	0	0	0		
MD063	DMEM	DMEM+Glu(0.45%)	na	unknown	yes	0.45%	0	0	0	0	0	0	0	0	0	0	0	0	0	0	0	0	0	0	0	0	0	0	0	0	0	0	0	0	0	0	0	0	0.1mg/L	0	0	0	0	0	0	0	10mg/L	0	0	0	0	0.4g/L	0	0	0	0	0	0	0	0	0	0	0	0	0	3.7g/L	0	0.1g/L	6.4g/L	0	0	0	0	0	0	0.2g/L	0	0	0	0	0	0	0	0	0	0	0	0	0	0	0	4mg/L	0	0	0	0	0	0	0	0	0	0	0	0	0	0	0	0.084g/L	0	0	30mg/L	0	584mg/L	42mg/L	105mg/L	105mg/L	1.46g/L	0	66mg/L	42mg/L	0	95mg/L	10mg/L	0.1g/L	0.09g/L		
MD064	TB	TB+Gly(0.4%)	na	unknown	no	0	0.40%	0	0	0	0	0	0	0	0	0	0	0	0	0	0	0	0	0	0	0	0	0	0	0	0	0	0	0	0	0	0	0	0	0	24g/L	0	0	0	0	0	0	0	0	0	0	0	0	0	0	0	0	0	0	0	0	0	0	0	0	0	0	0	0	0	0	0	0	0	0	0	0	0	0	0	0	0	0	0	0	0	0	0	0	0	0	0	0	0	0	0	0	0	0	0	0	0	0	0	0	?	?	?	?	?	?	?	?	?	?	?	?	?	?	?	?	?	?	?	?		
MD065	M9	M9+Glu(0.4%)+MgSO4(10nM)+Mev	EcoCyc	unknown	yes	0.40%	0	0	0	0	0	0	0	0	0	0	0	0	0	0	0	0	0	0	0	0	0	0	0	0	0	0	0	12.8g/L	0	3g/L	0	0	0	0	0	0	0	0	0	20mM	low(10nM)	0	0	0	0	0	0	0	0	0	0	0	0	0	0	0	0	0	0	0	0	0	0.5g/L	1g/L	0	0	0	0	0	0	0	0	0	0	0	0	0	0	0	0	0	0	0	0	0	0	0	0	0	0	0	0	0	0	0	0	0	0	0	0	0	0	0	0	0	0	0	0	0	0	0	0	0	0	0	0	0	0	0		
MD066	synthetic	synthetic medium+Glu(0.4%)	na	17379776	yes	0.40%	0	0	0	0	0	0	0	0	0	0	0	0	0	0	0	0	0	0	0	0	0	0	0	0	0	0	0	0	0	0	0	0	0	0	0	0	0	0	0	0	1mM	0	0	0	0	0	0	0	22mM	0	0	0	1mg/L	0	0	0	0.6mg/L	0	45mM	0	48mM	0	10mM	0	0	0	0	0	1.7mg/L	5.6mg/L	0	8mg/L	0.43mg/L	0	0	0	0	0.6mg/L	0	0	0	0	0	0	0	0	0	1mg/L	0	0	0	0	0	0	0	0	0	0	0	0	0	0	0	0	0	0	0	0	0	0	0	0	0	0	0	0	0	0	0		
MD067	MOPS	MOPS+Glu(0.1%)	na	unknown	yes	0.10%	0	0	0	0	0	0	0	0	0	0	0	0	0	0	0	0	0	0	0	0	0	0	0	40mM	3nM	400nM	4mM	0	0	0	0	0	0	0	0	0	0	0	0	0	0	0	0	0	0	0	0	0	0	1.31mM	276uM	528uM	80nM	0	0	0	0	0	0	0	0	0	50mM	9.5mM	0	0	0	0	0	0.5uM	0	0	0	0	0	0	0	30nM	0	0	0	0	0	0	0	0	0	0	10nM	10uM	0	10nM	0	0	0	0	0	0	0	0	0	0	0	0	0	0	0	0	0	0	0	0	0	0	0	0	0	0	0		
MD068	MOPS	MOPS+Gly(0.1%)	na	unknown	yes	0	0.10%	0	0	0	0	0	0	0	0	0	0	0	0	0	0	0	0	0	0	0	0	0	0	40mM	3nM	400nM	4mM	0	0	0	0	0	0	0	0	0	0	0	0	0	0	0	0	0	0	0	0	0	0	1.31mM	276uM	528uM	80nM	0	0	0	0	0	0	0	0	0	50mM	9.5mM	0	0	0	0	0	0.5uM	0	0	0	0	0	0	0	30nM	0	0	0	0	0	0	0	0	0	0	10nM	10uM	0	10nM	0	0	0	0	0	0	0	0	0	0	0	0	0	0	0	0	0	0	0	0	0	0	0	0	0	0	0		
MD069	MOPS	MOPS+Succ(0.1%)	na	unknown	yes	0	0	0	0	0	0	0	0	0	0	0	0	0	0	0.10%	0	0	0	0	0	0	0	0	0	40mM	3nM	400nM	4mM	0	0	0	0	0	0	0	0	0	0	0	0	0	0	0	0	0	0	0	0	0	0	1.31mM	276uM	528uM	80nM	0	0	0	0	0	0	0	0	0	50mM	9.5mM	0	0	0	0	0	0.5uM	0	0	0	0	0	0	0	30nM	0	0	0	0	0	0	0	0	0	0	10nM	10uM	0	10nM	0	0	0	0	0	0	0	0	0	0	0	0	0	0	0	0	0	0	0	0	0	0	0	0	0	0	0		
MD070	MOPS	MOPS+Ala(0.1%)	na	unknown	yes	0	0	0	0	0	0	0	0	0	0	0	0	0	0	0	0	0	0	0	0	0	0	0	0	40mM	3nM	400nM	4mM	0	0	0	0	0	0	0	0	0	0	0	0	0	0	0	0	0	0	0	0	0	0	1.31mM	276uM	528uM	80nM	0	0	0	0	0	0	0	0	0	50mM	9.5mM	0	0	0	0	0	0.5uM	0	0	0	0	0	0	0	30nM	0	0	0	0	0	0	0	0	0	0	10nM	10uM	0	10nM	0	0	0	0	0	0	0	0.10%	0	0	0	0	0	0	0	0	0	0	0	0	0	0	0	0	0	0	0		
MD071	MOPS	MOPS+Ace(0.1%)	na	unknown	yes	0	0	0	0	0.10%	0	0	0	0	0	0	0	0	0	0	0	0	0	0	0	0	0	0	0	40mM	3nM	400nM	4mM	0	0	0	0	0	0	0	0	0	0	0	0	0	0	0	0	0	0	0	0	0	0	1.31mM	276uM	528uM	80nM	0	0	0	0	0	0	0	0	0	50mM	9.5mM	0	0	0	0	0	0.5uM	0	0	0	0	0	0	0	30nM	0	0	0	0	0	0	0	0	0	0	10nM	10uM	0	10nM	0	0	0	0	0	0	0	0.10%	0	0	0	0	0	0	0	0	0	0	0	0	0	0	0	0	0	0	0		
MD072	MOPS	MOPS+Pro	na	unknown	yes	0	0	0	0	0	0	0	0	0	0	0	0	0	0	0	0	0	0	0	0	0	0	0	0	40mM	3nM	400nM	4mM	0	0	0	0	0	0	0	0	0	0	0	0	0	0	0	0	0	0	0	0	0	0	1.31mM	276uM	528uM	80nM	0	0	0	0	0	0	0	0	0	50mM	9.5mM	0	0	0	0	0	0.5uM	0	0	0	0	0	0	0	30nM	0	0	0	0	0	0	0	0	0	0	10nM	10uM	0	10nM	0	0	0	0	0	0	0	0.10%	0	0	0	0	0	0	0	0	0	0	0	0	0	0.10%	0	0	0	0	0		
MD073	MOPS	MOPS+Glu(0.1%)+KH2PO4	na	unknown	yes	0.10%	0	0	0	0	0	0	0	0	0	0	0	0	0	0	0	0	0	0	0	0	0	0	0	40mM	3nM	400nM	4mM	0	0	0	0	0	0	0	0	0	0	0	0	0	0	0	0	0	0	0	0	0	0.66mM	1.31mM	276uM	528uM	80nM	0	0	0	0	0	0	0	0	0	50mM	9.5mM	0	0	0	0	0	0.5uM	0	0	0	0	0	0	0	30nM	0	0	0	0	0	0	0	0	0	0	10nM	10uM	0	10nM	0	0	0	0	0	0	0	0	0	0	0	0	0	0	0	0	0	0	0	0	0	0	0	0	0	0	0		
MD074	M63	M63+Glu+CA+Vitamin B1	na	unknown	yes	0.20%	0	0	0	0	0	0	0	0	0	0	0	0	0	0	0	0	0	0	0	0	0	0	0	0	0	0	0	0	0	0	0	0	0	0	0	0	0	0	0	0	1mM	0	0	0	0	0	0	0	100mM	0	0	0	0	0	0	0	0	0	15mM	0	0	0	0	0	0	0	0	0	0	0	0	0	0	0	0	0	0	0	0	0	0	0	0	0	0	0.00%	0	0	0	1.8uM	0	0	0	0	0	0	0	0	0	?	?	?	?	?	?	?	?	?	?	?	?	?	?	?	?	?	?	?	?	CA (0.1%) is expanded into 20 AA.	
MD075	M63	M63+Glu(22mM)	na	unknown	yes	22mM	0	0	0	0	0	0	0	0	0	0	0	0	0	0	0	0	0	0	0	0	0	0	0	0	0	0	0	0	0	0	0	0	0	0	0	0	0	0	0	0	203uM	0	0	0	0	0	0	0	39mM	62mM	0	0	0	0	0	0	0	0	15mM	0	0	0	0	0	0	0	0	0	0	0	0	0	0	0	0	0	0	0	0	0	0	0	0	0	0	0	0	15uM	0	2uM	0	0	0	0	0	0	0	0	0	0	0	0	0	0	0	0	0	0	0	0	0	0	0	0	0	0	0	0	0		
MD076	MOPS	MOPS+Glu(0.2%)+NaCl	na	unknown	yes	0.20%	0	0	0	0	0	0	0	0	0	0	0	0	0	0	0	0	0	0	0	0	0	0	0	40mM	3nM	400nM	4mM	0	0	0	0	0	0	0	0	0	0	0	0	0	0	0	0	0	0	0	0	0	0	1.31mM	276uM	528uM	80nM	0	0	0	0	0	0	0	0	0	high(0.3M)	9.5mM	0	0	0	0	0	0.5uM	0	0	0	0	0	0	0	30nM	0	0	0	0	0	0	0	0	0	0	10nM	10uM	0	10nM	0	0	0	0	0	0	0	0	0	0	0	0	0	0	0	0	0	0	0	0	0	0	0	0	0	0	0		
MD077	M63	modified M63+Glu+His	na	unknown	yes	22mM	0	0	0	0	0	0	0	0	0	0	0	0	0	0	0	0	0	0	0	0	0	0	0	0	0	0	0	0	0	0	0	0	0	0	0	0	0	0	0	0	203uM	0	0	0	0	0	0	0	39mM	62mM	0	0	0	0	0	0	0	0	15mM	0	0	0	0	0	0	0	0	0	0	0	0	0	0	0	0	0	0	0	0	0	0	0	0	0	0	0	0	15uM	0	2uM	0	0	0	0	0	0	0	0	0	0	0	0	0	0	0	0	0	1mM	0	0	0	0	0	0	0	0	0	0	0		
MD078	M63	modified M63+Glu	na	unknown	yes	22mM	0	0	0	0	0	0	0	0	0	0	0	0	0	0	0	0	0	0	0	0	0	0	0	0	0	0	0	0	0	0	0	0	0	0	0	0	0	0	0	0	203uM	0	0	0	0	0	0	0	39mM	62mM	0	0	0	0	0	0	0	0	15mM	0	0	0	0	0	0	0	0	0	0	0	0	0	0	0	0	0	0	0	0	0	0	0	0	0	0	0	0	15uM	0	2uM	0	0	0	0	0	0	0	0	0	0	0	0	0	0	0	0	0	0	0	0	0	0	0	0	0	0	0	0	0		
MD079	K	K(B)+Glu(1.2%)	na	unknown	yes	1.20%	0	0	0	0	0	0	0	0	0	0	0	0	0	0	0	0	0	0	0	0	0	0	0	0	0	0	0	12.8g/L	0	3g/L	0	0	0	0	0	0	0	0	0	0	1mM	0	0	0	0	0	0	0	0	0	0	0	0	0	0	0	0	0	0	0	0	0	0.5g/L	1g/L	0	0	0	0	0	0.1mM	0	0	0	0	0	0	0	0	0	0	0	0	0	0	0	0	0	0	0	0	0	0	0	0	0	0	0	0	0	?	?	?	?	?	?	?	?	?	?	?	?	?	?	?	?	?	?	?	?	CA (1.25%) is expanded into 20 AA.	
MD080	SynH	SynH+Glu	na	unknown	yes	333mM	0	0	0	0	0	0	0	0	0	0	0	0	0	0	200mM	0	0	0	0	0	0	0	0	0	3nM	0	0	0	0.4uM	0	0	0	0	0	0	0	0	0	0	0	0	0	0	0	0	45mM	0	0	22mM	42mM	0	1mM	100uM	0	0	0	0	0	30mM	0	0	0	25mM	0	0	0	0	0	12uM	0.09mM	0	16.6uM	0.01uM	0	0	0	0	0.01uM	0	0	10uM	10uM	10uM	0	10uM	0	0	10uM	0	0	0	0	0	0	100uM	100uM	100uM	0	100uM	700mM	200mM	400mM	350mM	50mM	400mM	450mM	100mM	80mM	250mM	360mM	200mM	100mM	200mM	225mM	275mM	225mM	50mM	175mM	225mM		
MD081	GMM	GMM+Glu	na	unknown	yes	56mM	0	0	0	0	0	0	0	0	0	0	0	0	0	0	0	0	0	0	0	0	0	0	0	0	3nM	0	0	0	0.4uM	0	0	0	0	0	0	0	0	0	0	0	1mM	0	0	0	0	0	0	0	22mM	42mM	0	0	0.08uM	1uM	1uM	0	0	0	0	0	0	0	9mM	19mM	0	0	0	0	0	0.09mM	0	0	0.01uM	0	0	0	0	0.03uM	0	0	0	0	0	0	0	0	0	0.33uM	0.01uM	1uM	0	0	0	0	0	0	0	0	0	0	0	0	0	0	0	0	0	0	0	0	0	0	0	0	0	0	0	0	0		
MD082	ACSH	ACSH+Glu	na	unknown	yes	328mM	0	0	0	0	8.2mM	0.2mM	8.7mM	0	4.4mM	0	0.9mM	0	0	0	210mM	27.3mM	0	0	0	0	0	0	0	0	0	0	0	0	0	0	0	0	0	0	0	0	0	0	0	0	0	0	0	0	0	0	0	0	0	0	0	0	0	0	0	0	0	0	0	0	0	0	0	0	0	0	0	0	0	0	0	0	0	0	0	0	0	0	0	0	0	0	0	0	0	0	0	0	0	0	0	0	0	0	0	0	0	0	0	717mm	163mM	370mM	379mM	0	484mM	459mM	102mM	56mM	0	519mM	187mM	0	189mM	214mM	272mM	216mM	0	171mM	239mM		
MD083	minimal	minimal medium+Glu(2%)	na	unknown	yes	2%	0	0	0	0	0	0	0	0	0	0	0	0	0	0	0	0	0	0	0	0	0	0	0	75mM	3uM	0	0	12.8g/L	0	3g/L	0	0	0	0	0	0	0	0	0	0	2mM	0	0	0	0	0	0	0	0	0	0	0	80uM	0	0	0	0	0	0	0	0	0	0.5g/L	1g/L	0	0	0	0	0	0.1mM	0	0	0	0.4mM	0	0	0	30uM	0	0	0	0	0	0	0	1mg/L	0	0	10uM	10nM	0	15uM	0	0	0	0	0	0	0	0	0	0	0	0	0	0	0	0	0	0	0	0	0	0	0	0	0	0	0		
MD084	TSB	TSB+Glu(0.25%)	na	unknown	no	2.5g/L	0	0	0	0	0	0	0	0	0	0	0	0	0	0	0	0	0	0	0	0	0	0	0	0	0	0	0	0	0	0	0	0	0	0	0	0	0	3g/L	0	0	0	0	0	0	0	0	0	0	0	2.5g/L	0	0	0	0	0	0	0	0	0	0	0	0	5g/L	0	0	0	0	0	0	0	0	0	0	0	0	0	0	0	0	0	0	0	0	0	0	0	0	0	0	0	0	0	0	0	0	0	0	0	0	0.85g/L	0.85g/L	0.85g/L	0.85g/L	0.85g/L	0.85g/L	0.85g/L	0.85g/L	0.85g/L	0.85g/L	0.85g/L	0.85g/L	0.85g/L	0.85g/L	0.85g/L	0.85g/L	0.85g/L	0.85g/L	0.85g/L	0.85g/L	tryptone (17g/L) is expanded into 20 AA.	
MD085	phosphate minimal	phosphate minimal+Glu+Ace	na	unknown	yes	0.20%	0	0	0	0.20%	0	0	0	0	0	0	0	0	0	0	0	0	0	0	0	0	29.75g/L	0	0	0	0	0	0	0	0	0	0	0	0	0	0	0	0	0	0	0	0	0	0	0	0	1.5g/L	0	0	0	660uM	0	0.2g/L	0	0	0	0	0	0.425g/L	0	0	0	0	4.65g/L	1.08g/L	0	0	0	0	0	29.5g/L	0	0.54mg/L	0	0	0	0	0	0	0	0	0	0	0	0	0	1mg/L	0	0	0	0	0	0	0	0	0	0	0	0	0	0	0	0	0	0	0	0	0	0	0	0	0	0	0	0	0	0	0	0	0		
MD086	phosphate minimal	phosphate minimal+Glu+Pyr	na	unknown	yes	0.20%	0	0	0	0	0	0	0	0	0	0.20%	0	0	0	0	0	0	0	0	0	0	29.75g/L	0	0	0	0	0	0	0	0	0	0	0	0	0	0	0	0	0	0	0	0	0	0	0	0	1.5g/L	0	0	0	660uM	0	0.2g/L	0	0	0	0	0	0.425g/L	0	0	0	0	4.65g/L	1.08g/L	0	0	0	0	0	29.5g/L	0	0.54mg/L	0	0	0	0	0	0	0	0	0	0	0	0	0	1mg/L	0	0	0	0	0	0	0	0	0	0	0	0	0	0	0	0	0	0	0	0	0	0	0	0	0	0	0	0	0	0	0	0	0		
MD087	LB	LB+MgSO4	na	unknown	no	0	0	0	0	0	0	0	0	0	0	0	0	0	0	0	0	0	0	0	0	0	0	0	0	0	0	0	0	0	0	0	0	0	0	0	5g/L	0	0	0	0	0	50uM	0	0	0	0	0	0	0	0	0	0	0	0	0	0	0	0	0	0	0	0	0	0	0	0	0	0	0	0	0	0	0	0	0	0	0	0	0	0	0	0	0	0	0	0	0	0	0	0	0	0	0	0	0	0	0	0	0	0	0.5g/L	0.5g/L	0.5g/L	0.5g/L	0.5g/L	0.5g/L	0.5g/L	0.5g/L	0.5g/L	0.5g/L	0.5g/L	0.5g/L	0.5g/L	0.5g/L	0.5g/L	0.5g/L	0.5g/L	0.5g/L	0.5g/L	0.5g/L	tryptone (10g/L) is expanded into 20 AA.	
MD088	EZ	EZ+Glu(0.2%)	na	unknown	no	0.20%	0	0	0	0	0	0	0	0	0	0	0	0	0	0	0	0	0	0	0	0	0	0	0	40mM	0	400nM	4mM	0	0	0	0	0	0	0	0	0	0	0	0	0	0	0	0	0	0	0	0	0	0	1.32mM	276uM	528uM	0	0	0	0	0	0	0	0	0	0	50mM	9.5mM	0	0	0	0	0.5uM	0	0	0	0	0	0	0	0	30nM	0.01mM	0	0	0.01mM	0.01mM	0	0.01mM	0.01mM	0	0	10nM	10uM	0	10nM	0	0	0.2mM	0.2mM	0.2mM	0.2mM	0.2mM	0.8mM	0.4mM	5.2mM	0.4mM	0.1mM	0.6mM	0.6mM	0.2mM	0.4mM	0.8mM	0.4mM	0.4mM	0.2mM	0.4mM	0.4mM	10mM	0.4mM	0.1mM	0.2mM	0.6mM		
MD089	EZ	EZ+Gly(0.4%)	na	unknown	no	0	0.40%	0	0	0	0	0	0	0	0	0	0	0	0	0	0	0	0	0	0	0	0	0	0	40mM	0	400nM	4mM	0	0	0	0	0	0	0	0	0	0	0	0	0	0	0	0	0	0	0	0	0	0	1.32mM	276uM	528uM	0	0	0	0	0	0	0	0	0	0	50mM	9.5mM	0	0	0	0	0.5uM	0	0	0	0	0	0	0	0	30nM	0.01mM	0	0	0.01mM	0.01mM	0	0.01mM	0.01mM	0	0	10nM	10uM	0	10nM	0	0	0.2mM	0.2mM	0.2mM	0.2mM	0.2mM	0.8mM	0.4mM	5.2mM	0.4mM	0.1mM	0.6mM	0.6mM	0.2mM	0.4mM	0.8mM	0.4mM	0.4mM	0.2mM	0.4mM	0.4mM	10mM	0.4mM	0.1mM	0.2mM	0.6mM		
MD090	M9	M9+Thymine	na	unknown	yes	0	0	0	0	0	0	0	0	0	0	0	0	0	0	0	0	0	0	0	0	0	0	0	0	0	0	0	0	12.8g/L	0	3g/L	0	0	0	0	0	0	0	0	0	0	2mM	0	0	0	0	0	0	0	0	0	0	0	0	0	0	0	0	0	0	0	0	0	0.5g/L	1g/L	0	0	0	0	0	0	0	0	0	0	0	0	0	0	0	0	0	0	0	0	0	0	0	0	0	0	0	0	0	0	0	0	0	?	0	0	0	0	0	0	0	0	0	0	0	0	0	0	0	0	0	0	0	0	0		
MD091	M9	M9+Gal	na	unknown	yes	0	0	0	0	0	0	0	?	0	0	0	0	0	0	0	0	0	0	0	0	0	0	0	0	0	0	0	0	12.8g/L	0	3g/L	0	0	0	0	0	0	0	0	0	0	2mM	0	0	0	0	0	0	0	0	0	0	0	0	0	0	0	0	0	0	0	0	0	0.5g/L	1g/L	0	0	0	0	0	0	0	0	0	0	0	0	0	0	0	0	0	0	0	0	0	0	0	0	0	0	0	0	0	0	0	0	0	?	0	0	0	0	0	0	0	0	0	0	0	0	0	0	0	0	0	0	0	0	0		
MD093	MOPS	MOPS+Ser	na	unknown	yes	0	0	0	0	0	0	0	0	0	0	0	0	0	0	0	0	0	0	0	0	0	0	0	0	40mM	3nM	400nM	4mM	0	0	0	0	0	0	0	0	0	0	0	0	0	0	0	0	0	0	0	0	0	0	1.31mM	276uM	528uM	80nM	0	0	0	0	0	0	0	0	0	50mM	9.5mM	0	0	0	0	0	0.5uM	0	0	0	0	0	0	0	30nM	0	0	0	0	0	0	0	0	0	0	10nM	10uM	0	10nM	0	0	0	0	0	0	0	0	0	0	0	0	0	0	0	0	0	0	0	0	0	0	0.10%	0	0	0	0		
MD094	LB	LB+Fru	na	unknown	no	0	0	0	0	0	?	0	0	0	0	0	0	0	0	0	0	0	0	0	0	0	0	0	0	0	0	0	0	0	0	0	0	0	0	0	5g/L	0	0	0	0	0	0	0	0	0	0	0	0	0	0	0	0	0	0	0	0	0	0	0	0	0	0	0	0	0	0	0	0	0	0	0	0	0	0	0	0	0	0	0	0	0	0	0	0	0	0	0	0	0	0	0	0	0	0	0	0	0	0	0	0	0.5g/L	0.5g/L	0.5g/L	0.5g/L	0.5g/L	0.5g/L	0.5g/L	0.5g/L	0.5g/L	0.5g/L	0.5g/L	0.5g/L	0.5g/L	0.5g/L	0.5g/L	0.5g/L	0.5g/L	0.5g/L	0.5g/L	0.5g/L	tryptone (10g/L) is expanded into 20 AA.	
MD095	M9	M9+Ab(0.4%)	na	unknown	yes	0	0	0	0	0	0	0	0	0	0	0	0	0	0	0	0	0.40%	0	0	0	0	0	0	0	0	0	0	0	12.8g/L	0	3g/L	0	0	0	0	0	0	0	0	0	0	2mM	0	0	0	0	0	0	0	0	0	0	0	0	0	0	0	0	0	0	0	0	0	0.5g/L	1g/L	0	0	0	0	0	0	0	0	0	0	0	0	0	0	0	0	0	0	0	0	0	0	0	0	0	0	0	0	0	0	0	0	0	0	0	0	0	0	0	0	0	0	0	0	0	0	0	0	0	0	0	0	0	0	0		
MD096	minimal	minimal medium+Glu(0.795%)	na	unknown	yes	7.95g/L	0	0	0	0	0	0	0	0	0	0	0	0	0	0	0	0	0	0	0	0	0	0	0	0	0	0	0	0	0	0	0	40mg/L	0	0	0	0	0	0	0	0	20g/L	0	0	0	0	0	0	0	0	0	0	0	23.5mg/L	0	0	0	4mg/L	0	0	0	0	0	0.5g/L	1g/L	0	0	0	16mg/L	0	0	13mg/L	0	2.5mg/L	5mg/L	0	0	0	4mg/L	0	0	0	0	0	0	0	0	0	0	0	0	0	0	0	0	0	0	0	0	0	0	0	0	0	0	0	0	0	0	0	0	0	0	0	0	0	0	0	0	0		
MD097	Evans	Evans	na	unknown	yes	0	0	0	0	0	0	0	0	0	0	0	0	0	0	0	0	0	0	0	0	0	0	0	0	0	0	0	0	0	0	0	0	0	0	0	0	0	0	0	0	0	0	0	0	0	0	10mM	0	0	0	0	0	1.25mM	50uM	0	0	0	0.1uM	0	0	0	0	10mM	0	0	0	2mM	0	0	25uM	20uM	0	100uM	5uM	5uM	0	0	0	10uM	0	0	0	0	0	0	0	0	0	0	0	0	0	0	0	0	0	0	0	0	0	0	0	0	0	0	0	0	0	0	0	0	0	0	0	0	0	0	0	0	0		
MD098	M63	M63+Gly(0.3%)	na	unknown	yes	0	0.30%	0	0	0	0	0	0	0	0	0	0	0	0	0	0	0	0	0	0	0	0	0	0	0	0	0	0	0	0	0	0	0	0	0	0	0	0	0	0	0	1mM	0	0	0	0	0	0	0	100mM	0	0	0	0	0	0	0	0	0	15mM	0	0	0	0	0	0	0	0	0	0	0	0	0	0	0	0	0	0	0	0	0	0	0	0	0	0	0	0	0	0	1.8uM	0	0	0	0	0	0	0	0	0	0	0	0	0	0	0	0	0	0	0	0	0	0	0	0	0	0	0	0	0		
MD099	M63	M63+Gly(0.3%)+Gal	na	unknown	yes	0	0.30%	0	0	0	0	0	0.30%	0	0	0	0	0	0	0	0	0	0	0	0	0	0	0	0	0	0	0	0	0	0	0	0	0	0	0	0	0	0	0	0	0	1mM	0	0	0	0	0	0	0	100mM	0	0	0	0	0	0	0	0	0	15mM	0	0	0	0	0	0	0	0	0	0	0	0	0	0	0	0	0	0	0	0	0	0	0	0	0	0	0	0	0	0	1.8uM	0	0	0	0	0	0	0	0	0	0	0	0	0	0	0	0	0	0	0	0	0	0	0	0	0	0	0	0	0		
MD100	W2	W2+Glu(0.2%)	na	unknown	yes	0.20%	0	0	0	0	0	0	0	0	0	0	0	0	0	0	0	0	0	0	0	0	0	0	0	0	0	0	0	0	0	0	0	0	0	0	0	0	0	0	0	0	?	0	0	0	0	0	0	0	4.5g/L	10.5g/L	0	0	0	0	0	0	0	0	0	0	0	0	0	0	0	0	0	0	0	0	0	0	0	0	0	0	0	0	0	0	0	0	0	0	0	0	0	0	0	0	0	0	0	0	0	0	0	0	0	0	0	0	0	0	0	0	0.20%	0	0	0	0	0	0	0	0	0	0	0	0		
MD101	M9	M9+Glu(0.4%)+CaCl2	na	unknown	yes	0.40%	0	0	0	0	0	0	0	0	0	0	0	0	0	0	0	0	0	0	0	0	0	0	0	0	0	0	0	12.8g/L	0	3g/L	0	0	0	0	0	0	0	0	0	0	2mM	0	0	0	0	0	0	0	0	0	0	0	0	0	0	0	0	0	0	0	0	0	0.5g/L	1g/L	0	0	0	0	0	100uM	0	0	0	0	0	0	0	0	0	0	0	0	0	0	0	0	0	0	0	0	0	0	0	0	0	0	0	0	0	0	0	0	0	0	0	0	0	0	0	0	0	0	0	0	0	0	0	0	0		
MD102	MOPS	MOPS+Glu(0.05%)	EcoCyc	4604283	yes	0.5g/L	0	0	0	0	0	0	0	0	0	0	0	0	0	0	0	0	0	0	0	0	0	0	0	40mM	3nM	400nM	4mM	0	0	0	0	0	0	0	0	0	0	0	0	0	0	0	0	0	0	0	0	0	0	1.31mM	276uM	528uM	80nM	0	0	0	0	0	0	0	0	0	50mM	9.5mM	0	0	0	0	0	0.5uM	0	0	0	0	0	0	0	30nM	0	0	0	0	0	0	0	0	0	0	10nM	10uM	0	10nM	0	0	0	0	0	0	0	0	0	0	0	0	0	0	0	0	0	0	0	0	0	0	0	0	0	0	0		
MD103	minimal salt	minimal salt+Glu(0.4%)	na	unknown	yes	0.40%	0	0	0	0	0	0	0	0	0	0	0	0	0	0	0	0	0	0	0	0	0	0	0	0	0	0	0	0	0	0	0	0	0	0	0	0	0	0	0	0	0	0	0	0	0	0	0	0	4.5g/L	10.5g/L	0	0.05g/L	0	1uM	0	0	10uM	0	1g/L	0	0	0	0	0	0	0	0	0	0	0	0	0	0	0	0	0	0	0	0	0	0	0	0	0	0	0	0	0	0	0	0	0	0	0	0	0	0	0	0	0	0	0	0	0	0	0	0	0	0	0	0	0	0	0	0	0	0	0	0		
MD104	minimal salt	minimal salt+Glu(0.4%)+TMAO+NaNO2	na	unknown	yes	0.40%	0	0	0	0	0	0	0	0	0	0	0	0	0	0	0	0	0	0	0	0	0	20mM	2.5mM	0	0	0	0	0	0	0	0	0	0	0	0	0	0	0	0	0	0	0	0	0	0	0	0	0	4.5g/L	10.5g/L	0	0.05g/L	0	1uM	0	0	10uM	0	1g/L	0	0	0	0	0	0	0	0	0	0	0	0	0	0	0	0	0	0	0	0	0	0	0	0	0	0	0	0	0	0	0	0	0	0	0	0	0	0	0	0	0	0	0	0	0	0	0	0	0	0	0	0	0	0	0	0	0	0	0	0		
MD106	M9	M9+Glu(0.5%)	EcoCyc	unknown	yes	0.50%	0	0	0	0	0	0	0	0	0	0	0	0	0	0	0	0	0	0	0	0	0	0	0	0	0	0	0	12.8g/L	0	3g/L	0	0	0	0	0	0	0	0	0	0	2mM	0	0	0	0	0	0	0	0	0	0	0	0	0	0	0	0	0	0	0	0	0	0.5g/L	1g/L	0	0	0	0	0	0	0	0	0	0	0	0	0	0	0	0	0	0	0	0	0	0	0	0	0	0	0	0	0	0	0	0	0	0	0	0	0	0	0	0	0	0	0	0	0	0	0	0	0	0	0	0	0	0	0		
MD107	M9	M9+Glu(0.2%)	na	unknown	yes	2g/L	0	0	0	0	0	0	0	0	0	0	0	0	0	0	0	0	0	0	0	0	0	0	0	0	3nM	0	0	0	0	0	0	0	0	0	0	0	0	0	0	0	2mM	0	0	0	0	0	0	0	22mM	0	0	0	80nM	0	0	0	0	0	0	0	48mM	0	0	19mM	0	0	0	0	0	0.1mM	0	0	0	400nM	0	0	0	30nM	0	0	0	0	0	0	0	10uM	0	0	10nM	0	0	10nM	0	0	0	0	0	0	0	0	0	0	0	0	0	0	0	0	0	0	0	0	0	0	0	0	0	0	0		
MD108	M9	M9+Ala	na	unknown	yes	0	0	0	0	0	0	0	0	0	0	0	0	0	0	0	0	0	0	0	0	0	0	0	0	0	3nM	0	0	0	0	0	0	0	0	0	0	0	0	0	0	0	2mM	0	0	0	0	0	0	0	22mM	0	0	0	80nM	0	0	0	0	0	0	0	48mM	0	0	19mM	0	0	0	0	0	0.1mM	0	0	0	400nM	0	0	0	30nM	0	0	0	0	0	0	0	10uM	0	0	10nM	0	0	10nM	0	0	0	0	0	0	0	2g/L	0	0	0	0	0	0	0	0	0	0	0	0	0	0	0	0	0	0	0		
MD109	M9	M9+Arg	na	unknown	yes	0	0	0	0	0	0	0	0	0	0	0	0	0	0	0	0	0	0	0	0	0	0	0	0	0	3nM	0	0	0	0	0	0	0	0	0	0	0	0	0	0	0	2mM	0	0	0	0	0	0	0	22mM	0	0	0	80nM	0	0	0	0	0	0	0	48mM	0	0	19mM	0	0	0	0	0	0.1mM	0	0	0	400nM	0	0	0	30nM	0	0	0	0	0	0	0	10uM	0	0	10nM	0	0	10nM	0	0	0	0	0	0	0	0	0	0.52mM	0	0	0	0	0	0	0	0	0	0	0	0	0	0	0	0	0		
MD110	M9	M9+Glu(0.4%)+A+Gly+Met	EcoCyc	unknown	yes	0.40%	0	0	0	0	0	0	0	0	0	0	0	0	0	0	0	0	0	0	0	0	0	0	0	0	0	0	0	12.8g/L	0	3g/L	0	0	0	0	0	0	0	0	0	0	2mM	0	0	0	0	0	0	0	0	0	0	0	0	0	0	0	0	0	0	0	0	0	0.5g/L	1g/L	0	0	0	0	0	0	0	0	0	0	0	0	0	0	0	0	0	0	0	0	0	0	0	0	0	0	0	0	0	0	50ug/mL	0	0	0	0	0	0	0	0	0	50ug/mL	0	0	0	0	0	0	50ug/mL	0	0	0	0	0	0	0		
MD111	M9	M9+Glu(0.4%)+A+T+Gly+Met	EcoCyc	unknown	yes	0.40%	0	0	0	0	0	0	0	0	0	0	0	0	0	0	0	0	0	0	0	0	0	0	0	0	0	0	0	12.8g/L	0	3g/L	0	0	0	0	0	0	0	0	0	0	2mM	0	0	0	0	0	0	0	0	0	0	0	0	0	0	0	0	0	0	0	0	0	0.5g/L	1g/L	0	0	0	0	0	0	0	0	0	0	0	0	0	0	0	0	0	0	0	0	0	0	0	0	0	0	0	0	0	0	50ug/mL	0	0	50ug/mL	0	0	0	0	0	0	50ug/mL	0	0	0	0	0	0	50ug/mL	0	0	0	0	0	0	0		
MD112	M9	M9+Glu(0.4%)+Gly+Met	EcoCyc	unknown	yes	0.40%	0	0	0	0	0	0	0	0	0	0	0	0	0	0	0	0	0	0	0	0	0	0	0	0	0	0	0	12.8g/L	0	3g/L	0	0	0	0	0	0	0	0	0	0	2mM	0	0	0	0	0	0	0	0	0	0	0	0	0	0	0	0	0	0	0	0	0	0.5g/L	1g/L	0	0	0	0	0	0	0	0	0	0	0	0	0	0	0	0	0	0	0	0	0	0	0	0	0	0	0	0	0	0	0	0	0	0	0	0	0	0	0	0	50ug/mL	0	0	0	0	0	0	50ug/mL	0	0	0	0	0	0	0		
MD113	M9	M9+Glu(0.4%)+A	EcoCyc	unknown	yes	0.40%	0	0	0	0	0	0	0	0	0	0	0	0	0	0	0	0	0	0	0	0	0	0	0	0	0	0	0	12.8g/L	0	3g/L	0	0	0	0	0	0	0	0	0	0	2mM	0	0	0	0	0	0	0	0	0	0	0	0	0	0	0	0	0	0	0	0	0	0.5g/L	1g/L	0	0	0	0	0	0	0	0	0	0	0	0	0	0	0	0	0	0	0	0	0	0	0	0	0	0	0	0	0	0	50ug/mL	0	0	0	0	0	0	0	0	0	0	0	0	0	0	0	0	0	0	0	0	0	0	0	0		
MD114	MOPS	MOPS+Glu+Ile+Val+Thi	na	unknown	yes	0.40%	0	0	0	0	0	0	0	0	0	0	0	0	0	0	0	0	0	0	0	0	0	0	0	40mM	3nM	400nM	4mM	0	0	0	0	0	0	0	0	0	0	0	0	0	0	0	0	0	0	0	0	0	0	1.31mM	276uM	528uM	80nM	0	0	0	0	0	0	0	0	0	50mM	9.5mM	0	0	0	0	0	0.5uM	0	0	0	0	0	0	0	30nM	0	0	0	0	0	0	0	10uM	0	0	10nM	10uM	0	10nM	0	0	0	0	0	0	0	0	0	0	0	0	0	0	0	0	0.4mM	0	0	0	0	0	0	0	0	0	0.4mM		
MD115	MOPS	MOPS+Glu+Ile+Val+Thi+Lue	na	unknown	yes	0.40%	0	0	0	0	0	0	0	0	0	0	0	0	0	0	0	0	0	0	0	0	0	0	0	40mM	3nM	400nM	4mM	0	0	0	0	0	0	0	0	0	0	0	0	0	0	0	0	0	0	0	0	0	0	1.31mM	276uM	528uM	80nM	0	0	0	0	0	0	0	0	0	50mM	9.5mM	0	0	0	0	0	0.5uM	0	0	0	0	0	0	0	30nM	0	0	0	0	0	0	0	10uM	0	0	10nM	10uM	0	10nM	0	0	0	0	0	0	0	0	0	0	0	0	0	0	0	0	0.4mM	10mM	0	0	0	0	0	0	0	0	0.4mM		
MD116	LB	LB+Gly(0.1%)	na	unknown	no	0	10%	0	0	0	0	0	0	0	0	0	0	0	0	0	0	0	0	0	0	0	0	0	0	0	0	0	0	0	0	0	0	0	0	0	5g/L	0	0	0	0	0	0	0	0	0	0	0	0	0	0	0	0	0	0	0	0	0	0	0	0	0	0	0	0	0	0	0	0	0	0	0	0	0	0	0	0	0	0	0	0	0	0	0	0	0	0	0	0	0	0	0	0	0	0	0	0	0	0	0	0	0.5g/L	0.5g/L	0.5g/L	0.5g/L	0.5g/L	0.5g/L	0.5g/L	0.5g/L	0.5g/L	0.5g/L	0.5g/L	0.5g/L	0.5g/L	0.5g/L	0.5g/L	0.5g/L	0.5g/L	0.5g/L	0.5g/L	0.5g/L	tryptone (10g/L) is expanded into 20 AA.	
MD117	LB	LB+minimal salt+Gly+TMAO+SF	na	unknown	yes	0	0.40%	0	0	0	0	0	0	0	0	0	0	0	0	0	0	0	0	0	0	0	0	20mM	0	0	0	0	0	0	0	0	0	0	0	0	5g/L	0	0	0	0	0	0	0	0	0	0	0	0	0	4.5g/L	10.5g/L	0	0.05g/L	0	1uM	0	0	10uM	0	1g/L	0	0	0	0	0	0	0	0	0	0	0	0	0	0	0	0	0	0	0	0	0	0	0	0	0	0	0	0	0	0	0	0	0	0	0	0	0	0	0	0	0.5g/L	0.5g/L	0.5g/L	0.5g/L	0.5g/L	0.5g/L	0.5g/L	0.5g/L	0.5g/L	0.5g/L	0.5g/L	0.5g/L	0.5g/L	0.5g/L	0.5g/L	0.5g/L	0.5g/L	0.5g/L	0.5g/L	0.5g/L		
MD118	LB	LB+minimal salt+Gly+TMAO+SF+NaNO2	na	unknown	yes	0	0.40%	0	0	0	0	0	0	0	0	0	0	0	0	0	0	0	0	0	0	0	0	20mM	5mM	0	0	0	0	0	0	0	0	0	0	0	5g/L	0	0	0	0	0	0	0	0	0	0	0	0	0	4.5g/L	10.5g/L	0	0.05g/L	0	1uM	0	0	10uM	0	1g/L	0	0	0	0	0	0	0	0	0	0	0	0	0	0	0	0	0	0	0	0	0	0	0	0	0	0	0	0	0	0	0	0	0	0	0	0	0	0	0	0	0.5g/L	0.5g/L	0.5g/L	0.5g/L	0.5g/L	0.5g/L	0.5g/L	0.5g/L	0.5g/L	0.5g/L	0.5g/L	0.5g/L	0.5g/L	0.5g/L	0.5g/L	0.5g/L	0.5g/L	0.5g/L	0.5g/L	0.5g/L		
MD119	LB	LB+minimal salt+Gly+TMAO+SF+KNO3	na	unknown	yes	0	0.40%	0	0	0	0	0	0	0	0	0	0	0	0	0	0	0	0	0	0	0	0	20mM	0	0	0	0	0	0	0	0	0	0	0	0	5g/L	0	0	0	0	0	0	0	0	0	0	0	0	0	4.5g/L	10.5g/L	0	0.05g/L	0	1uM	0	0	10uM	0	1g/L	0	0	0	0	0	0	0	0	0	0	0	0	0	0	0	0	0	20mM	0	0	0	0	0	0	0	0	0	0	0	0	0	0	0	0	0	0	0	0	0	0	0.5g/L	0.5g/L	0.5g/L	0.5g/L	0.5g/L	0.5g/L	0.5g/L	0.5g/L	0.5g/L	0.5g/L	0.5g/L	0.5g/L	0.5g/L	0.5g/L	0.5g/L	0.5g/L	0.5g/L	0.5g/L	0.5g/L	0.5g/L		
MD120	synthetic	synthetic+Glu(0.4%)+KNO3	na	17379776	yes	4g/L	0	0	0	0	0	0	0	0	0	0	0	0	0	0	0	0	0	0	0	0	0	0	0	0	0	0	0	0	0	0	0	0	0	0	0	0	0	0	0	0	1mM	0	0	0	0	0	0	0	22mM	0	0	0	1mg/L	0	0	0	0.6mg/L	0	45mM	0	48mM	0	10mM	0	0	0	0	0	1.7mg/L	5.6mg/L	0	8mg/L	0.43mg/L	0	0	0	40mM	0.6mg/L	0	0	0	0	0	0	0	0	0	1mg/L	0	0	0	0	0	0	0	0	0	0	0	0	0	0	0	0	0	0	0	0	0	0	0	0	0	0	0	0	0	0	0		
MD121	M9	M9+Glu(0.5%)	EcoCyc	unknown	yes	5g/L	0	0	0	0	0	0	0	0	0	0	0	0	0	0	0	0	0	0	0	0	0	0	0	0	0	0	0	12.8g/L	0	3g/L	0	0	0	0	0	0	0	0	0	0	0.24g/L	0	0	0	0	0	0	0	3g/L	0	0	0	0	0	0	22.25g/L	0	0	0	0	7.5g/L	0	0.5g/L	2.7g/L	0	0	0	0	0	11mg/L	0	16.7g/L	0.12g/L	0	0	0	0	0.18g/L	0	0	0	0	0	0	0	0	0	0	0.18g/L	0	0	0	0.12g/L	0	0	0	0	0	0	0	0	0	0	0	0	0	0	0	0	0	0	0	0	0	0	0	0	0	0		
MD122	MOPS	modified MOPS+Glu(0.2%)	na	unknown	yes	0.20%	0	0	0	0	0	0	0	0	0	0	0	0	0	0	0	0	0	0	0	0	0	0	0	40mM	0	0	4mM	0	0	0	0	0	0	0	0	0	0	0	0	0	0	0	0	0	0	0	0	0	1.32mM	0	0	0.523mM	0	0	0	0	0	0.276mM	0	0	0	0	0.1M	10mM	0	0	0	0	0	0	0	0	0	0	0	0	0	0	0	0	0	0	0	0	0	0	0	0	0	0.1mM	0	0	0	0	0	0	0	0	0	0	0	0	0	0	0	0	0	0	0	0	0	0	0	0	0	0	0	0	0		
MD123	MOPS	modified MOPS+Lac(0.2%)	na	unknown	yes	0	0	0.20%	0	0	0	0	0	0	0	0	0	0	0	0	0	0	0	0	0	0	0	0	0	40mM	0	0	4mM	0	0	0	0	0	0	0	0	0	0	0	0	0	0	0	0	0	0	0	0	0	1.32mM	0	0	0.523mM	0	0	0	0	0	0.276mM	0	0	0	0	0.1M	10mM	0	0	0	0	0	0	0	0	0	0	0	0	0	0	0	0	0	0	0	0	0	0	0	0	0	0.1mM	0	0	0	0	0	0	0	0	0	0	0	0	0	0	0	0	0	0	0	0	0	0	0	0	0	0	0	0	0		
MD124	MOPS	MOPS+Mucus	EcoCyc	4604283	yes	0	0	0	0	0	0	0	0	0	0	0	0	0	0	0	0	0	0	0	0	0	0	0	0	40mM	3nM	400nM	4mM	0	0	0	0	0	0	0	0	0	0	0	10mg/mL	0	0	0	0	0	0	0	0	0	0	1.31mM	276uM	528uM	80nM	0	0	0	0	0	0	0	0	0	50mM	9.5mM	0	0	0	0	0	0.5uM	0	0	0	0	0	0	0	30nM	0	0	0	0	0	0	0	0	0	0	10nM	10uM	0	10nM	0	0	0	0	0	0	0	0	0	0	0	0	0	0	0	0	0	0	0	0	0	0	0	0	0	0	0		
MD125	TPM2	TPM2+Glu	na	unknown	yes	?	0	0	0	0	0	0	0	0	0	0	0	0	0	0	0	0	0	0	0	0	0	0	0	0	0	0	0	0	0	0	0	0	0	0	2g/L	0	0	0	0	0	2g/L	0	0	0	0	0	0	0	2g/L	0	0	0	0	0	0	0	0	0	10g/L	0	0	0	0	0	0	0	0	0	0	0	0	0	0	0	0	0	0	0	0	0	0	0	0	0	0	0	0	0	0	0	0	0	0	0	0	0	0	0	0	0	0	0	0	0	0	0	0	0	0.2g/L	0	0.2g/L	0.2g/L	0	0	0	0	0	0	0		
